Rose
19 
92 
20 
46 
17 
14 
12 
4 
50000 
5219 
113 
11 
206 
36 
0 
16 
0 
16 
0 
16 
0 
61 
0 
43 
0 
43 
0 
49 
48 
0 
0 
0 
0 
0 
13 
0 
0 
1 
0 
0 
0 
0 
0 
1 
0 
0 
0 
0 
0 
5 
0 
2 
1 
0 
1589 
0 
0 
0 
0 
1 
0 
0 
1 
4 
1 
0 
0 
0 
0 
6 
2 
1 
11 
10 
4 
0 
-1 
0 
0 
1 
0 
1 
1 
1 
1 
0 
2 
0 
0 
0 
0 
1 
0 
1 
1 
0 
1 
1 
0 
4 
0 
0 
0 
0 
0 
0 
24 
0 
0 
0 
1 
0 
0 
0 
0 
1 
0 
0 
0 
1 
10 
0 
0 
0 
0 
1 
0 
0 
0 
1 
0 
1 
2 
1 
1 
1 
1 
1 
1 
1 
0 
1 
1 
0 
0 
0 
0 
0 
0 
0 
0 
0 
0 
0 
0 
0 
0 
0 
0 
0 
0 
0 
0 
0 
0 
0 
0 
0 
0 
0 
0 
0 
0 
0 
0 
0 
0 
0 
0 
0 
0 
0 
0 
0 
0 
0 
0 
0 
0 
0 
0 
0 
0 
0 
0 
0 
0 
0 
0 
0 
0 
0 
0 
0 
0 
0 
0 
0 
0 
0 
0 
0 
0 
0 
0 
0 
0 
0 
0 
0 
0 
0 
0 
0 
0 
0 
0 
0 
0 
205 
112 
22 
16 
20 
49 
0 
0 
0 
0 
0 
0 
0 
0 
0 
0 
0 
0 
0 
0 
0 
1 
0 
1 
0 
1 
0 
0 
0 
0 
0 
0 
0 
0 
0 
0 
0 
0 
0 
0 
0 
0 
0 
0 
0 
0 
0 
0 
0 
0 
0 
1 
1 
4 
1 
1 
0 
0 
0 
0 
0 
0 
0 
0 
0 
0 
0 
0 
0 
0 
1 
0 
0 
0 
0 
2 
0 
1 
0 
0 
0 
0 
1 
0 
0 
0 
0 
0 
0 
0 
0 
0 
0 
0 
0 
0 
0 
0 
0 
0 
13 
25 
47 
12 
24 
3 
31 
0 
0 
0 
0 
0 
0 
0 
0 
0 
0 
0 
0 
0 
0 
0 
0 
0 
0 
0 
0 
0 
0 
0 
0 
0 
0 
0 
0 
0 
0 
0 
0 
0 
0 
0 
0 
0 
0 
0 
0 
0 
0 
0 
1 
0 
0 
20 
2 
1 
1 
3 
12 
0 
0 
0 
0 
0 
0 
0 
0 
1 
1 
99 
2 
1 
0 
1 
1 
1 
0 
0 
0 
0 
0 
0 
5 
0 
0 
0 
1 
0 
0 
0 
0 
0 
0 
0 
0 
0 
6 
1 
5 
1 
1 
0 
1 
0 
0 
0 
0 
0 
4 
0 
0 
0 
0 
0 
0 
0 
0 
1 
1 
1 
0 
3 
0 
0 
0 
1 
25 
0 
0 
0 
0 
1 
1 
1 
0 
2 
1 
1 
0 
0 
24 
0 
1 
1 
1 
1 
0 
0 
0 
0 
0 
0 
0 
0 
0 
0 
0 
0 
0 
3 
7 
0 
0 
0 
0 
0 
0 
0 
0 
0 
0 
0 
0 
0 
0 
0 
0 
0 
0 
0 
0 
0 
0 
0 
0 
0 
0 
0 
0 
0 
0 
0 
0 
0 
0 
0 
-1 
0 
0 
0 
0 
0 
0 
0 
0 
0 
0 
0 
0 
0 
0 
0 
199 
1 
1 
1 
330 
219 
443744 