Rose
1 
20 
20 
10 
2 
10 
10 
4 
0 
3014 
0 
11 
210 
16 
221 
21 
220 
21 
206 
21 
0 
21 
0 
21 
0 
21 
0 
45 
24 
0 
0 
0 
0 
0 
88 
0 
0 
0 
5 
1 
0 
0 
0 
3 
0 
0 
0 
0 
0 
5 
0 
2 
620 
9 
4989 
0 
1 
0 
0 
1 
1 
1 
1 
1 
1 
2 
2 
0 
0 
7 
0 
1 
35 
11 
5 
0 
-1 
0 
0 
1 
3 
0 
0 
0 
2 
1 
1 
1 
160 
401 
0 
2 
0 
-1 
1 
1 
0 
1 
0 
4 
0 
2 
0 
1 
24 
0 
24 
0 
8 
14 
2 
1 
1 
0 
0 
1 
0 
4 
2 
3 
1 
0 
3 
0 
1 
3 
0 
1 
10 
1 
0 
1 
2 
1 
1 
1 
1 
1 
1 
1 
0 
0 
0 
0 
0 
0 
0 
0 
0 
0 
0 
0 
0 
0 
0 
0 
0 
0 
0 
1 
1 
1 
1 
1 
1 
1 
1 
1 
1 
1 
1 
1 
1 
1 
1 
1 
1 
1 
1 
1 
0 
0 
0 
0 
0 
0 
0 
0 
0 
0 
0 
0 
0 
0 
0 
0 
0 
0 
0 
0 
0 
0 
0 
0 
0 
0 
0 
0 
0 
0 
0 
0 
0 
0 
0 
0 
0 
0 
0 
0 
0 
0 
0 
0 
0 
0 
0 
0 
0 
205 
0 
0 
0 
0 
0 
0 
0 
0 
0 
0 
0 
0 
0 
0 
0 
0 
0 
0 
0 
0 
0 
0 
0 
0 
0 
0 
0 
0 
0 
0 
0 
0 
0 
0 
0 
0 
0 
0 
0 
0 
0 
0 
0 
0 
0 
0 
0 
0 
0 
0 
0 
0 
0 
1 
0 
0 
0 
0 
0 
0 
0 
0 
0 
0 
0 
0 
0 
0 
1 
1 
0 
0 
0 
0 
2 
1 
0 
0 
1 
2 
0 
1 
1 
1 
1 
0 
0 
0 
0 
0 
0 
0 
0 
0 
0 
0 
0 
0 
0 
13 
25 
47 
12 
64 
3 
29 
0 
0 
0 
999 
0 
1 
4 
7 
7 
10 
10 
17 
23 
36 
0 
0 
0 
0 
0 
0 
0 
0 
0 
0 
0 
0 
0 
0 
0 
0 
0 
0 
0 
0 
0 
0 
0 
0 
0 
0 
0 
0 
0 
0 
1500 
1 
20 
2 
2 
1 
25 
216 
0 
0 
0 
0 
0 
0 
0 
0 
0 
0 
13 
1 
1 
0 
1 
1 
1 
0 
0 
0 
0 
0 
0 
0 
0 
0 
0 
1 
1 
0 
5 
0 
2 
0 
0 
0 
0 
0 
0 
0 
0 
0 
1 
0 
0 
0 
0 
0 
0 
33 
0 
0 
0 
0 
0 
0 
0 
0 
0 
0 
0 
0 
0 
0 
0 
0 
0 
0 
0 
0 
0 
0 
0 
0 
0 
0 
0 
0 
0 
0 
0 
24 
0 
0 
0 
0 
0 
0 
0 
0 
0 
0 
0 
0 
0 
0 
0 
0 
0 
1 
3 
4 
1 
0 
0 
0 
1 
0 
0 
0 
0 
1 
0 
0 
0 
0 
0 
0 
0 
0 
0 
0 
0 
0 
0 
0 
0 
0 
0 
0 
0 
0 
0 
0 
0 
0 
0 
6 
0 
0 
0 
0 
0 
0 
0 
0 
0 
0 
0 
0 
0 
0 
0 
133.5 
1 
1 
1 
299 
145 
1.65213e+006 