Rose
1 
20 
20 
10 
2 
10 
15 
4 
0 
2172 
0 
11 
206 
16 
210 
23 
221 
36 
220 
38 
0 
39 
0 
61 
0 
55 
0 
45 
50 
0 
0 
0 
0 
0 
88 
0 
1 
1 
7 
1 
0 
0 
0 
3 
0 
0 
0 
0 
0 
0 
0 
2 
652 
9 
9208 
0 
1 
0 
0 
1 
1 
1 
1 
1 
1 
2 
2 
0 
0 
7 
0 
1 
36 
11 
5 
0 
-1 
0 
0 
1 
3 
0 
0 
0 
2 
1 
1 
1 
162 
401 
0 
2 
0 
-1 
1 
1 
0 
1 
0 
4 
0 
2 
0 
1 
24 
0 
24 
0 
8 
14 
2 
1 
1 
0 
0 
1 
0 
4 
2 
3 
1 
0 
3 
0 
1 
3 
0 
1 
10 
1 
0 
1 
2 
1 
1 
1 
1 
1 
1 
1 
1 
1 
1 
1 
1 
0 
0 
0 
0 
0 
0 
0 
0 
0 
0 
0 
0 
0 
0 
1 
1 
1 
1 
1 
1 
1 
1 
1 
1 
1 
1 
1 
1 
1 
1 
1 
1 
1 
1 
1 
1 
1 
1 
1 
1 
1 
0 
0 
0 
0 
0 
0 
0 
0 
0 
0 
0 
0 
0 
0 
0 
0 
0 
0 
0 
0 
0 
0 
0 
0 
0 
0 
0 
0 
0 
0 
0 
0 
0 
0 
5 
3 
8 
1 
5 
5 
5 
5 
6 
202 
0 
0 
0 
0 
0 
0 
0 
0 
0 
0 
0 
0 
0 
0 
0 
0 
0 
0 
0 
0 
0 
0 
0 
0 
0 
0 
0 
0 
0 
0 
0 
0 
0 
0 
0 
0 
0 
0 
0 
0 
0 
0 
0 
0 
0 
0 
0 
0 
0 
1 
0 
0 
0 
1 
0 
0 
0 
0 
0 
0 
0 
1 
1 
1 
0 
0 
2 
0 
1 
1 
0 
0 
0 
0 
2 
1 
0 
1 
1 
2 
0 
1 
1 
1 
1 
18 
19 
0 
1 
0 
0 
0 
0 
0 
0 
0 
0 
0 
0 
13 
25 
47 
49 
51 
12 
24 
46 
48 
64 
999 
0 
1 
4 
7 
10 
17 
58 
62 
54 
3 
29 
999 
0 
0 
0 
0 
0 
0 
0 
0 
0 
0 
0 
0 
0 
0 
0 
0 
0 
0 
0 
0 
0 
0 
0 
0 
0 
0 
0 
0 
1500 
1 
20 
2 
2 
1 
25 
216 
0 
0 
0 
0 
0 
0 
0 
0 
0 
0 
26 
2 
1 
0 
1 
1 
1 
0 
0 
180 
6 
36 
1 
5 
0 
0 
2 
1 
1 
0 
5 
0 
2 
0 
0 
0 
6 
6 
0 
0 
1 
1 
1 
0 
0 
0 
3 
2 
3 
34 
1 
0 
0 
0 
2 
1 
1 
1 
1 
1 
1 
1 
3 
0 
0 
2 
0 
7 
0 
0 
0 
0 
0 
1 
1 
1 
2 
3 
9 
0 
0 
24 
0 
1 
1 
1 
1 
0 
0 
0 
0 
17 
0 
1 
1 
1 
2 
1 
1 
1 
3 
36 
0 
0 
0 
0 
1 
0 
0 
0 
0 
1 
0 
0 
0 
0 
0 
0 
0 
0 
0 
0 
3 
3 
3 
3 
1 
10 
0 
1 
1 
1 
1 
0 
12 
3 
1 
7 
3 
0 
0 
1 
3 
1 
0 
14 
1 
1 
1 
1 
0 
2 
0 
999 
1 
1 
1 
406 
6 
2.58074e+006 